1	5062127
2	237833
3	35452
4	16653
5	9345
6	5938
7	3896
8	2889
9	2139
10	1621
11	1341
12	1079
13	816
14	680
15	562
16	629
17	534
18	651
19	652
20	718
21	932
22	1332
23	1659
24	2076
25	2777
26	3598
27	4927
28	6523
29	8833
30	11679
31	14359
32	18387
33	22996
34	28311
35	34356
36	41893
37	50151
38	59292
39	68987
40	79046
41	89288
42	100233
43	109700
44	121259
45	129805
46	138559
47	145007
48	151773
49	157104
50	161926
51	164944
52	166059
53	166748
54	166129
55	163049
56	158891
57	152884
58	148359
59	141356
60	133113
61	126428
62	119065
63	110996
64	102723
65	93828
66	85865
67	78059
68	71160
69	64366
70	57907
71	51178
72	45684
73	40858
74	36305
75	31928
76	27989
77	24472
78	21440
79	18370
80	15972
81	14036
82	12354
83	10860
84	9565
85	8419
86	7364
87	6500
88	5885
89	5268
90	4562
91	4152
92	3737
93	3299
94	2972
95	2658
96	2374
97	2102
98	1926
99	1761
100	1596
101	1488
102	1325
103	1280
104	1111
105	1000
106	895
107	891
108	849
109	836
110	798
111	716
112	721
113	596
114	560
115	503
116	479
117	453
118	450
119	419
120	400
121	437
122	384
123	356
124	360
125	359
126	336
127	290
128	256
129	250
130	240
131	246
132	194
133	214
134	197
135	161
136	170
137	167
138	166
139	187
140	147
141	177
142	174
143	204
144	174
145	152
146	154
147	161
148	141
149	117
150	146
151	102
152	131
153	89
154	118
155	91
156	92
157	107
158	107
159	83
160	79
161	87
162	66
163	69
164	75
165	79
166	82
167	79
168	67
169	59
170	58
171	64
172	55
173	68
174	49
175	85
176	75
177	41
178	63
179	53
180	41
181	53
182	53
183	43
184	54
185	56
186	37
187	34
188	47
189	38
190	43
191	31
192	25
193	30
194	30
195	32
196	33
197	38
198	23
199	39
200	30
201	23
202	23
203	22
204	19
205	23
206	31
207	23
208	26
209	25
210	29
211	23
212	20
213	38
214	30
215	25
216	33
217	18
218	22
219	25
220	23
221	22
222	26
223	21
224	20
225	27
226	26
227	35
228	42
229	31
230	17
231	22
232	15
233	15
234	19
235	14
236	11
237	16
238	13
239	14
240	12
241	9
242	13
243	22
244	22
245	19
246	14
247	20
248	13
249	16
250	10
251	20
252	19
253	18
254	12
255	22
256	18
257	12
258	14
259	12
260	16
261	18
262	13
263	14
264	12
265	17
266	18
267	18
268	21
269	15
270	18
271	23
272	19
273	23
274	19
275	14
276	12
277	10
278	18
279	16
280	20
281	16
282	14
283	13
284	14
285	8
286	3
287	11
288	12
289	10
290	9
291	7
292	9
293	12
294	6
295	6
296	8
297	7
298	5
299	10
300	11
301	7
302	13
303	6
304	8
305	6
306	3
307	12
308	6
309	6
310	2
311	5
312	5
313	4
314	8
315	7
316	8
317	8
318	2
319	4
320	5
321	3
322	5
323	2
324	4
325	4
326	5
327	1
328	6
329	5
330	5
331	4
332	5
333	10
334	13
335	5
336	9
337	6
338	8
339	11
340	14
341	13
342	8
343	10
344	8
345	9
346	9
347	18
348	11
349	7
350	7
351	10
352	13
353	9
354	10
355	8
356	11
357	10
358	8
359	16
360	13
361	14
362	12
363	15
364	18
365	12
366	15
367	15
368	15
369	18
370	17
371	17
372	14
373	16
374	12
375	28
376	29
377	28
378	34
379	38
380	26
381	32
382	38
383	37
384	31
385	45
386	41
387	40
388	43
389	55
390	56
391	57
392	52
393	57
394	50
395	73
396	48
397	65
398	73
399	56
400	69
401	60
402	60
403	76
404	70
405	61
406	78
407	63
408	67
409	69
410	58
411	70
412	64
413	67
414	60
415	71
416	49
417	60
418	58
419	49
420	46
421	67
422	59
423	58
424	71
425	51
426	54
427	52
428	62
429	48
430	62
431	47
432	48
433	54
434	44
435	37
436	39
437	39
438	23
439	38
440	36
441	38
442	28
443	34
444	32
445	25
446	24
447	27
448	23
449	23
450	25
451	26
452	12
453	15
454	8
455	9
456	16
457	26
458	14
459	15
460	9
461	12
462	11
463	12
464	20
465	11
466	14
467	10
468	8
469	7
470	8
471	12
472	9
473	10
474	12
475	11
476	8
477	10
478	7
479	8
480	9
481	8
482	3
483	11
484	6
485	9
486	10
487	9
488	7
489	3
490	5
491	4
492	4
493	6
494	5
495	4
496	2
497	1
498	2
499	1
501	1
502	3
503	1
504	3
506	3
507	2
508	1
509	3
510	1
512	1
513	2
517	1
520	1
524	1
525	1
527	1
531	1
532	1
535	1
544	1
545	1
547	1
564	1
567	1
578	1
587	1
589	2
594	1
595	1
640	1
651	1
653	1
655	1
662	1
680	1
703	1
706	1
707	1
722	1
724	2
726	1
730	1
732	1
733	1
767	1
811	1
812	1
813	1
814	1
815	1
816	2
817	1
820	1
821	2
822	3
823	1
824	4
830	1
831	1
832	1
837	2
845	1
870	1
873	1
875	1
876	1
877	2
878	1
879	1
880	2
885	3
886	2
893	1
898	1
913	1
917	1
921	1
928	1
930	2
935	1
943	1
944	1
945	1
949	1
951	1
953	1
958	1
960	1
961	1
967	1
970	1
971	1
976	2
982	1
991	1
996	1
1000	1
1078	1
1081	1
1082	1
1085	1
1088	2
1091	1
1100	1
1103	1
1104	2
1109	1
1133	1
1138	1
1143	2
1146	1
1244	1
1271	1
1285	1
1286	1
1290	1
1442	1
1451	1
1500	1
1622	1
1949	1
1956	1
1961	1
1963	1
1968	1
1996	1
2037	1
2040	1
2105	1
2558	1
2568	1
2676	1
2694	1
2712	1
2745	1
2805	1
2814	1
2818	1
2835	1
2864	1
2865	1
2928	1
2930	1
2964	1
