1	7071719
2	379563
3	59753
4	26644
5	14951
6	10136
7	6734
8	5208
9	3913
10	2923
11	2471
12	1930
13	1619
14	1254
15	1016
16	861
17	817
18	723
19	626
20	593
21	493
22	439
23	472
24	419
25	454
26	395
27	389
28	546
29	567
30	676
31	718
32	839
33	936
34	1199
35	1488
36	1900
37	2392
38	3024
39	3679
40	4671
41	5648
42	6600
43	8247
44	9818
45	11488
46	13920
47	16124
48	18891
49	22192
50	25558
51	29321
52	33442
53	37603
54	41698
55	45234
56	49522
57	53644
58	58520
59	62611
60	66528
61	70555
62	73802
63	76989
64	80039
65	83514
66	86084
67	88395
68	90479
69	92857
70	93726
71	95198
72	95628
73	96181
74	97139
75	97312
76	98191
77	97545
78	98148
79	96767
80	96222
81	96012
82	93921
83	92623
84	90396
85	88772
86	87418
87	85129
88	83335
89	80944
90	78531
91	76348
92	73894
93	70850
94	68348
95	65550
96	62990
97	59104
98	56577
99	53907
100	50957
101	47481
102	44878
103	42369
104	39398
105	37019
106	34558
107	32379
108	29691
109	28086
110	25717
111	23719
112	22327
113	20752
114	19110
115	17757
116	16463
117	15181
118	13922
119	12857
120	11940
121	10974
122	10347
123	9582
124	8678
125	7900
126	7273
127	6703
128	6348
129	5819
130	5443
131	5125
132	4696
133	4523
134	4274
135	4079
136	3760
137	3601
138	3340
139	3094
140	2999
141	3080
142	2827
143	2904
144	2632
145	2609
146	2644
147	2611
148	2502
149	2449
150	2427
151	2484
152	2346
153	2348
154	2330
155	2349
156	2299
157	2305
158	2353
159	2341
160	2366
161	2331
162	2283
163	2297
164	2245
165	2312
166	2345
167	2297
168	2311
169	2321
170	2362
171	2337
172	2269
173	2346
174	2239
175	2414
176	2238
177	2251
178	2223
179	2262
180	2282
181	2104
182	2169
183	1994
184	2061
185	2008
186	2051
187	2004
188	1941
189	1961
190	2048
191	1928
192	1894
193	1849
194	1863
195	1840
196	1701
197	1773
198	1709
199	1694
200	1624
201	1527
202	1536
203	1478
204	1361
205	1386
206	1284
207	1281
208	1291
209	1261
210	1152
211	1097
212	1131
213	997
214	955
215	901
216	873
217	780
218	802
219	742
220	713
221	676
222	604
223	601
224	528
225	560
226	489
227	512
228	455
229	433
230	427
231	409
232	345
233	324
234	325
235	352
236	302
237	285
238	301
239	260
240	235
241	224
242	232
243	210
244	214
245	182
246	223
247	205
248	189
249	208
250	179
251	183
252	193
253	178
254	153
255	171
256	160
257	191
258	153
259	141
260	152
261	133
262	196
263	140
264	129
265	136
266	162
267	152
268	164
269	166
270	149
271	162
272	143
273	169
274	175
275	170
276	186
277	172
278	208
279	211
280	196
281	168
282	195
283	165
284	167
285	181
286	162
287	211
288	170
289	181
290	172
291	195
292	184
293	152
294	143
295	165
296	160
297	162
298	146
299	146
300	168
301	142
302	156
303	140
304	129
305	144
306	153
307	138
308	146
309	141
310	138
311	130
312	127
313	135
314	121
315	141
316	133
317	114
318	127
319	121
320	138
321	122
322	133
323	130
324	117
325	149
326	121
327	148
328	126
329	135
330	167
331	151
332	119
333	132
334	120
335	135
336	108
337	93
338	83
339	96
340	78
341	78
342	91
343	72
344	90
345	85
346	78
347	84
348	81
349	85
350	69
351	84
352	75
353	91
354	79
355	65
356	75
357	69
358	70
359	66
360	66
361	75
362	78
363	77
364	87
365	76
366	75
367	82
368	63
369	54
370	77
371	58
372	88
373	71
374	82
375	67
376	87
377	74
378	82
379	72
380	64
381	89
382	85
383	79
384	74
385	79
386	62
387	92
388	70
389	63
390	93
391	68
392	78
393	78
394	80
395	94
396	94
397	78
398	81
399	85
400	86
401	78
402	75
403	88
404	73
405	87
406	73
407	97
408	63
409	71
410	77
411	80
412	71
413	64
414	72
415	62
416	58
417	61
418	54
419	64
420	66
421	54
422	60
423	53
424	58
425	42
426	60
427	42
428	53
429	63
430	44
431	38
432	62
433	53
434	52
435	41
436	60
437	41
438	50
439	42
440	34
441	49
442	41
443	57
444	41
445	48
446	53
447	47
448	38
449	67
450	54
451	57
452	49
453	42
454	53
455	46
456	50
457	40
458	40
459	45
460	44
461	31
462	42
463	40
464	46
465	37
466	31
467	27
468	44
469	27
470	42
471	39
472	26
473	29
474	26
475	40
476	26
477	25
478	29
479	27
480	22
481	26
482	23
483	25
484	33
485	24
486	18
487	32
488	30
489	25
490	28
491	27
492	30
493	30
494	30
495	40
496	40
497	44
498	47
499	33
500	35
501	29
502	41
503	42
504	39
505	52
506	46
507	39
508	41
509	38
510	39
511	36
512	46
513	46
514	49
515	38
516	31
517	50
518	39
519	40
520	34
521	41
522	31
523	40
524	37
525	31
526	37
527	34
528	36
529	35
530	30
531	39
532	31
533	31
534	27
535	39
536	33
537	28
538	34
539	27
540	25
541	33
542	25
543	29
544	33
545	26
546	21
547	36
548	26
549	27
550	42
551	31
552	40
553	43
554	37
555	32
556	39
557	43
558	42
559	35
560	36
561	34
562	32
563	40
564	24
565	28
566	31
567	40
568	41
569	46
570	45
571	47
572	50
573	45
574	45
575	37
576	32
577	41
578	49
579	41
580	43
581	30
582	42
583	31
584	33
585	39
586	43
587	39
588	43
589	33
590	39
591	46
592	43
593	37
594	47
595	47
596	38
597	44
598	32
599	27
600	28
601	30
602	25
603	40
604	36
605	32
606	25
607	47
608	32
609	35
610	41
611	35
612	41
613	42
614	29
615	35
616	35
617	40
618	23
619	43
620	48
621	33
622	35
623	35
624	30
625	30
626	32
627	40
628	29
629	35
630	28
631	32
632	45
633	35
634	42
635	48
636	37
637	32
638	31
639	44
640	27
641	28
642	46
643	39
644	41
645	40
646	33
647	42
648	34
649	40
650	32
651	39
652	27
653	33
654	27
655	37
656	35
657	45
658	34
659	40
660	39
661	40
662	37
663	48
664	29
665	34
666	38
667	30
668	37
669	28
670	39
671	33
672	35
673	28
674	36
675	28
676	31
677	31
678	25
679	24
680	26
681	26
682	34
683	22
684	23
685	23
686	33
687	30
688	23
689	30
690	21
691	34
692	25
693	25
694	18
695	14
696	18
697	17
698	20
699	16
700	18
701	19
702	12
703	13
704	10
705	10
706	12
707	12
708	11
709	16
710	7
711	15
712	10
713	10
714	13
715	7
716	7
717	9
718	11
719	7
720	4
721	8
722	10
723	5
724	9
725	10
726	11
727	8
728	6
729	10
730	7
731	9
732	9
733	10
734	9
735	7
736	10
737	11
738	11
739	8
740	5
741	7
742	6
743	8
744	6
745	4
746	4
747	6
748	5
749	3
750	7
751	4
752	3
753	6
754	3
755	5
756	4
757	4
758	5
759	5
760	4
761	4
762	5
763	9
764	10
765	5
766	6
767	1
768	5
769	7
770	6
771	6
772	7
773	4
774	4
775	1
776	2
777	4
778	6
779	3
780	5
781	4
782	8
783	1
784	2
785	6
786	5
787	3
788	3
789	3
790	1
791	3
792	2
793	4
794	4
795	2
797	5
798	3
799	5
800	1
801	3
802	2
803	5
804	2
805	10
806	4
807	2
808	3
809	5
810	2
811	4
812	5
813	4
814	5
816	5
817	5
818	2
819	9
820	3
821	1
822	5
823	4
824	5
825	5
826	3
827	2
828	4
829	3
830	1
831	5
832	3
834	3
835	6
836	1
837	2
838	1
839	4
840	3
841	6
842	4
843	3
844	3
845	3
846	3
847	1
848	2
849	4
851	3
853	3
854	2
855	2
856	3
857	2
858	1
859	2
860	2
862	2
863	2
864	1
865	3
866	2
867	1
869	1
870	1
873	1
874	1
875	1
876	1
877	1
878	2
880	1
881	1
884	1
885	3
888	1
889	2
890	1
891	1
892	1
893	2
896	1
897	1
899	1
903	2
905	1
906	2
907	2
910	1
911	2
913	1
916	1
917	1
919	1
920	1
924	1
931	3
932	1
935	2
936	2
937	1
938	2
940	4
941	2
942	1
943	1
944	2
945	3
947	2
949	3
950	1
951	1
952	2
953	1
955	1
956	2
958	1
960	1
967	1
968	2
970	1
971	2
973	1
976	1
979	1
981	1
982	1
983	1
985	2
986	1
988	2
991	1
993	1
995	1
996	1
998	1
1000	1
1002	2
1003	1
1004	1
1005	2
1006	1
1008	2
1009	1
1012	3
1013	1
1014	1
1016	1
1017	1
1019	2
1020	1
1025	3
1026	1
1027	2
1028	2
1030	1
1031	3
1032	2
1033	3
1034	3
1036	5
1037	2
1038	2
1039	2
1040	2
1041	1
1042	1
1043	5
1045	2
1046	1
1048	1
1049	2
1050	2
1052	2
1055	3
1056	1
1058	2
1067	1
1071	2
1075	1
1080	1
1081	1
1084	1
1085	1
1093	1
1104	2
1105	1
1112	1
1113	1
1126	1
1129	2
1130	1
1131	1
1132	2
1134	2
1135	2
1136	4
1137	1
1138	2
1141	3
1142	1
1143	2
1146	1
1148	1
1149	3
1150	1
1151	1
1152	2
1154	2
1155	1
1156	1
1157	2
1158	1
1160	1
1161	1
1162	3
1163	2
1164	1
1165	1
1167	1
1169	1
1170	2
1171	1
1172	1
1173	3
1175	1
1176	1
1178	4
1179	1
1182	1
1184	1
1185	1
1187	1
1191	4
1194	1
1195	2
1196	2
1197	1
1198	2
1200	1
1201	1
1203	1
1204	3
1205	2
1206	1
1207	1
1208	1
1209	3
1210	1
1211	1
1212	3
1213	1
1214	1
1215	3
1216	2
1217	2
1218	1
1220	1
1221	2
1222	1
1223	1
1224	1
1225	2
1226	3
1227	1
1228	1
1229	1
1230	3
1231	2
1233	2
1235	1
1236	3
1237	2
1239	1
1241	1
1242	2
1244	1
1246	1
1247	1
1248	2
1250	1
1253	1
1258	1
1259	1
1260	1
1261	1
1264	1
1267	1
1268	1
1270	1
1271	1
1273	1
1275	1
1277	1
1279	2
1281	1
1282	1
1283	4
1284	2
1285	2
1292	2
1293	3
1296	1
1299	2
1300	2
1301	1
1302	1
1303	1
1304	3
1306	2
1308	1
1312	2
1314	1
1315	1
1316	1
1318	1
1319	1
1320	2
1321	1
1322	1
1323	1
1324	1
1325	2
1326	1
1328	1
1330	1
1332	2
1333	1
1336	1
1340	2
1342	1
1343	2
1344	3
1346	2
1347	4
1348	3
1349	1
1353	1
1354	2
1355	5
1356	3
1357	2
1358	1
1359	1
1360	1
1361	1
1362	1
1363	3
1364	1
1365	2
1367	1
1368	4
1369	2
1370	2
1371	1
1372	2
1373	3
1374	2
1375	1
1376	1
1377	2
1378	1
1379	2
1380	1
1381	1
1382	2
1383	1
1384	2
1386	2
1387	1
1389	2
1392	1
1393	1
1394	1
1395	2
1396	1
1398	2
1399	1
1402	1
1404	2
1406	1
1407	1
1408	1
1409	1
1410	1
1412	2
1415	1
1416	1
1417	1
1420	1
1421	1
1422	1
1423	1
1426	1
1428	2
1429	1
1430	1
1434	2
1437	1
1438	1
1441	1
1443	1
1448	1
1449	2
1450	1
1452	1
1454	1
1456	2
1458	2
1459	1
1465	1
1466	1
1467	2
1468	1
1469	1
1471	2
1472	1
1474	1
1475	2
1477	2
1480	1
1483	1
1484	1
1485	1
1487	1
1490	2
1491	1
1492	2
1493	1
1494	4
1496	4
1497	1
1498	1
1499	2
1501	2
1503	1
1504	2
1505	1
1508	2
1509	1
1511	1
1512	3
1515	1
1516	1
1517	1
1518	1
1519	1
1520	2
1521	1
1522	1
1523	1
1524	1
1525	2
1526	2
1528	2
1529	1
1531	1
1533	1
1535	1
1538	3
1540	1
1541	1
1549	1
1550	1
1552	2
1553	1
1557	4
1560	2
1562	1
1570	1
1571	1
1573	1
1574	1
1578	1
1579	1
1580	1
1581	1
1582	1
1584	1
1591	2
1593	2
1594	1
1596	2
1597	1
1598	2
1601	2
1602	1
1604	1
1605	2
1606	1
1609	1
1610	2
1611	2
1612	1
1613	1
1614	1
1616	1
1617	2
1618	1
1619	1
1621	4
1622	1
1624	1
1625	6
1626	2
1630	1
1631	1
1632	2
1633	3
1634	2
1635	3
1639	1
1643	1
1645	2
1647	2
1648	2
1650	1
1652	1
1653	1
1654	2
1655	3
1659	1
1660	1
1662	1
1663	3
1665	2
1666	1
1667	2
1669	1
1670	2
1671	1
1672	1
1673	1
1674	1
1675	2
1677	1
1678	1
1680	1
1681	3
1682	1
1684	1
1685	2
1688	3
1689	1
1690	2
1691	3
1692	1
1693	1
1694	2
1695	2
1697	1
1698	3
1699	1
1700	1
1702	1
1706	1
1707	2
1708	1
1710	2
1711	1
1712	1
1714	2
1716	1
1717	1
1720	1
1724	1
1725	1
1727	1
1729	3
1730	2
1731	1
1732	1
1733	1
1734	1
1735	2
1737	1
1739	2
1741	1
1742	1
1743	1
1744	1
1745	1
1746	1
1749	1
1750	1
1751	1
1752	1
1753	5
1754	2
1755	1
1756	4
1757	1
1758	3
1759	1
1760	1
1761	1
1762	1
1763	1
1766	3
1767	1
1770	1
1773	1
1776	1
1779	1
1780	2
1781	1
1782	1
1787	1
1794	1
1799	1
1801	1
1803	1
1804	1
1805	2
1808	2
1811	2
1812	1
1813	1
1815	4
1816	1
1818	3
1819	2
1825	1
1827	2
1828	1
1830	2
1831	1
1833	1
1834	2
1835	2
1836	3
1837	2
1840	1
1841	3
1842	1
1844	2
1846	2
1847	1
1848	2
1850	1
1852	1
1853	3
1855	1
1856	1
1857	2
1858	1
1859	1
1860	2
1861	1
1864	1
1865	2
1866	1
1867	2
1868	2
1869	1
1871	2
1872	1
1873	1
1874	1
1875	2
1877	1
1878	2
1879	1
1880	1
1881	2
1883	2
1884	1
1885	3
1886	2
1887	1
1888	2
1889	3
1890	1
1893	1
1894	2
1895	2
1896	1
1897	3
1898	1
1899	1
1900	2
1902	2
1903	3
1904	4
1905	3
1906	3
1908	2
1909	5
1912	1
1913	3
1915	3
1916	2
1917	2
1918	3
1920	3
1921	5
1922	2
1923	2
1924	1
1925	1
1926	1
1927	1
1929	4
1931	1
1932	1
1934	2
1935	2
1937	1
1938	2
1940	1
1941	5
1942	4
1943	1
1944	2
1945	2
1946	2
1947	1
1948	1
1949	2
1950	2
1951	2
1952	2
1953	3
1954	3
1955	4
1956	1
1957	3
1958	2
1959	1
1960	4
1961	2
1962	1
1963	2
1965	1
1966	2
1968	2
1969	1
1970	1
1972	2
1973	2
1974	1
1976	1
1978	1
1980	1
1982	1
1985	1
1986	2
1987	2
1989	1
1990	4
1992	3
1993	1
1995	1
1998	2
2001	1
2011	2
2013	2
2014	1
2015	1
2016	1
2019	4
2020	2
2021	1
2023	1
2024	1
2025	2
2026	1
2027	1
2028	2
2029	1
2030	1
2033	2
2036	1
2037	1
2040	2
2042	1
2043	2
2045	2
2051	1
2054	2
2056	1
2057	3
2058	1
2059	1
2061	2
2062	1
2063	1
2064	1
2065	3
2067	2
2068	1
2073	1
2074	1
2075	1
2076	1
2082	1
2086	1
2089	2
2092	3
2094	1
2095	3
2097	1
2101	1
2105	1
2107	1
2108	2
2109	2
2111	2
2113	2
2115	1
2118	1
2122	1
2123	2
2124	1
2125	1
2126	2
2127	2
2128	1
2129	1
2136	1
2137	1
2142	1
2143	1
2144	3
2147	1
2149	1
2152	1
2154	2
2156	1
2157	1
2158	1
2159	1
2160	1
2167	2
2170	1
2171	1
2172	2
2173	1
2174	2
2176	2
2179	1
2182	2
2185	1
2187	1
2189	1
2191	2
2192	1
2193	1
2195	1
2198	1
2199	1
2201	2
2202	1
2203	2
2204	1
2207	2
2213	1
2215	1
2218	1
2220	1
2221	1
2222	1
2223	1
2224	1
2226	1
2228	1
2230	2
2231	1
2232	1
2233	1
2235	1
2237	2
2239	1
2240	1
2241	1
2242	1
2244	4
2247	1
2251	1
2252	1
2253	2
2257	1
2259	2
2261	1
2262	1
2264	2
2265	3
2266	1
2267	1
2268	1
2270	1
2273	2
2274	2
2275	4
2276	1
2279	1
2280	2
2285	3
2286	1
2287	1
2291	2
2293	2
2294	1
2295	1
2296	1
2299	1
2300	1
2301	1
2306	3
2312	2
2313	1
2317	1
2326	2
2327	1
2330	1
2331	1
2332	2
2333	1
2335	1
2336	1
2338	1
2341	1
2342	1
2344	1
2346	1
2347	1
2348	2
2350	2
2351	1
2354	3
2355	1
2362	1
2364	2
2367	1
2369	1
2376	1
2380	2
2382	2
2383	1
2388	1
2390	3
2391	1
2393	2
2395	1
2396	1
2401	1
2402	1
2404	2
2405	1
2407	1
2411	1
2413	1
2414	1
2415	1
2417	2
2418	1
2424	1
2425	1
2428	1
2431	1
2433	1
2438	1
2439	3
2444	1
2448	3
2449	1
2450	2
2452	1
2454	2
2455	2
2458	2
2462	1
2463	1
2465	1
2466	1
2468	1
2470	1
2472	2
2478	1
2483	1
2489	1
2493	2
2494	1
2498	1
2502	1
2504	1
2510	1
2511	1
2513	1
2518	1
2519	1
2521	2
2523	1
2531	1
2536	1
2539	2
2541	1
2542	1
2544	1
2546	2
2547	1
2548	1
2550	1
2552	1
2553	1
2554	2
2555	1
2557	1
2558	3
2559	2
2561	1
2562	1
2563	2
2564	1
2565	1
2568	1
2569	2
2570	2
2571	1
2574	3
2576	1
2578	1
2580	1
2582	2
2585	1
2586	1
2590	1
2591	1
2592	1
2593	1
2594	1
2596	1
2601	1
2606	1
2610	1
2611	1
2627	3
2638	1
2641	1
2677	1
2690	1
2788	1
2800	1
2879	1
2904	1
2955	1
3012	1
3016	1
3023	2
3025	1
3037	1
3038	1
3048	1
3050	2
3061	1
3062	1
3065	1
3068	1
3070	1
3071	1
3083	1
3090	1
3095	1
3096	1
3110	1
3116	1
3126	1
3129	1
3131	1
3132	1
3138	1
3141	1
3148	1
3150	1
3151	1
3153	2
3154	1
3155	1
3158	2
3176	1
3177	1
3181	1
3182	1
3185	1
3187	1
3192	3
3193	1
3196	2
3197	1
3198	1
3204	1
3206	1
3210	1
3211	1
3214	1
3216	1
3217	2
3219	1
3220	1
3222	1
3223	1
3227	1
3228	1
3230	1
3233	1
3234	1
3240	1
3242	1
3245	2
3246	1
3249	1
3250	1
3253	1
3254	1
3255	2
3256	1
3263	1
3267	1
3269	2
3274	1
3277	1
3280	1
3281	1
3282	2
3284	1
3286	3
3287	1
3288	1
3290	1
3292	1
3293	1
3294	1
3295	3
3298	2
3299	1
3301	1
3302	1
3303	1
3304	1
3305	2
3308	2
3309	1
3310	1
3313	1
3314	2
3315	1
3316	1
3317	1
3319	1
3321	1
3324	1
3326	1
3329	1
3332	3
3334	1
3336	4
3340	1
3345	1
3346	1
3348	2
3351	1
3353	2
3355	2
3356	1
3358	1
3359	1
3360	1
3362	1
3364	3
3368	1
3371	1
3372	2
3374	2
3377	2
3378	1
3379	1
3380	1
3383	1
3385	1
3388	1
3389	1
3393	1
3396	1
3398	2
3404	1
3405	1
3406	2
3409	1
3416	2
3417	1
3418	2
3420	1
3423	1
3424	1
3425	1
3426	1
3427	1
3433	2
3442	1
3443	1
3446	1
3452	2
3459	1
3460	1
3463	1
3466	1
3468	1
3470	1
3474	1
3475	1
3477	1
3482	1
3488	3
3491	2
3501	1
3502	2
3503	1
3504	1
3508	1
3513	1
3515	1
3519	1
3521	1
3522	1
3525	1
3529	1
3530	3
3533	1
3535	1
3540	1
3556	1
3557	1
3558	1
3560	1
3561	2
3562	1
3563	1
3564	2
3570	1
3571	1
3573	1
3578	1
3580	3
3581	4
3582	1
3583	1
3584	2
3585	1
3587	1
3588	2
3590	1
3594	3
3595	1
3597	1
3599	1
3602	1
3603	1
3605	3
3607	2
3608	1
3609	2
3610	1
3611	1
3612	1
3613	1
3615	1
3617	2
3620	1
3621	1
3622	2
3624	1
3625	1
3626	1
3627	3
3628	3
3629	2
3630	1
3631	1
3632	1
3633	2
3634	1
3636	4
3637	1
3639	1
3640	1
3642	1
3643	1
3644	1
3646	3
3647	2
3648	1
3649	1
3651	3
3652	1
3655	1
3656	1
3657	1
3659	1
3661	1
3664	1
3665	1
3667	2
3670	1
3671	1
3672	2
3674	1
3676	1
3677	1
3678	1
3679	1
3680	1
3683	2
3684	2
3685	1
3688	2
3689	2
3690	2
3693	1
3696	1
3697	1
3698	2
3699	4
3704	1
3705	2
3707	1
3709	1
3710	1
3712	1
3713	1
3714	1
3716	1
3718	2
3719	2
3720	1
3721	1
3722	1
3724	1
3725	2
3727	1
3728	1
3729	1
3730	1
3733	2
3734	2
3736	2
3738	1
3741	1
3742	2
3746	1
3747	1
3748	1
3753	1
3754	1
3755	1
3756	1
3757	2
3759	1
3760	1
3762	2
3763	1
3764	1
3765	2
3771	2
3772	1
3774	2
3775	2
3782	1
3786	2
3788	2
3789	2
3790	4
3792	1
3793	1
3795	1
3796	1
3797	1
3798	1
3799	1
3801	3
3802	1
3811	1
3813	3
3814	1
3815	1
3820	1
3821	1
3823	1
3825	2
3827	2
3832	1
3835	2
3840	1
3846	4
3847	1
3848	1
3849	2
3850	1
3853	1
3854	1
3855	1
3858	2
3862	2
3866	1
3875	1
3876	2
3881	1
3886	1
3895	1
3896	2
3898	1
3917	1
3920	1
3926	1
3929	1
3933	1
3937	1
3944	1
3961	1
3968	1
3981	1
3983	1
3993	1
3994	1
4005	1
4020	2
4021	1
4027	1
4029	1
4047	1
4053	1
4061	1
4097	1
4105	1
4106	1
4121	1
4131	1
4140	1
4168	1
4175	1
4183	1
4187	1
4196	1
4209	1
4211	1
4212	1
4225	2
4226	1
4239	1
4242	1
4252	1
4257	1
4261	1
4265	1
4274	1
4275	1
4282	1
4283	1
4286	1
4287	2
4288	4
4289	1
4292	1
4298	1
4299	1
4303	1
4304	1
4306	2
4307	3
4308	1
4310	2
4316	1
4317	1
4321	2
4322	1
4323	1
4325	1
4326	1
4328	1
4329	1
4333	2
4336	1
4338	1
4340	1
4345	1
4347	1
4348	1
4350	1
4354	1
4359	1
4360	1
4361	2
4368	1
4371	1
4372	1
4374	1
4375	1
4376	1
4383	2
4384	1
4385	1
4390	2
4392	1
4394	1
4396	1
4400	1
4402	1
4404	1
4406	1
4407	1
4410	1
4412	1
4414	1
4418	1
4421	1
4426	1
4428	1
4431	1
4440	1
4443	1
4453	1
4454	1
4456	1
4460	1
4462	1
4463	1
4465	1
4466	1
4468	1
4469	1
4471	1
4474	2
4475	1
4477	3
4478	1
4480	1
4482	1
4487	2
4494	1
4495	2
4498	1
4504	1
4508	3
4510	1
4517	1
4519	1
4522	1
4524	1
4526	2
4527	1
4530	1
4534	2
4535	1
4537	1
4538	1
4539	1
4540	1
4542	1
4543	1
4544	1
4550	1
4558	1
4560	1
4562	1
4563	1
4571	4
4574	1
4575	1
4582	1
4584	1
4588	1
4591	1
4592	1
4595	1
4598	2
4599	2
4602	1
4604	1
4605	1
4608	1
4612	1
4615	1
4618	1
4624	1
4628	3
4629	1
4632	1
4633	1
4635	1
4639	1
4643	1
4646	1
4647	1
4651	1
4652	1
4655	1
4656	1
4660	1
4670	1
4674	1
4694	1
4695	2
4705	1
4711	1
4728	1
4732	1
4734	1
4737	1
4752	1
4753	1
4808	1
4967	1
4979	1
5000	1
5008	1
5009	1
5017	2
5020	1
5025	1
5050	1
5055	1
5056	1
5062	1
5084	2
5096	1
5099	1
5124	1
5138	1
5142	1
5145	1
5155	2
5158	1
5160	1
5175	1
5199	1
5206	1
5207	1
5213	1
5225	1
5231	1
5232	1
5233	1
5384	1
5407	1
5418	1
5423	1
5426	1
5448	1
5455	1
5480	1
5484	2
5488	1
5493	1
5499	1
5500	1
5505	1
5514	1
5518	1
5521	1
5526	1
5529	1
5530	1
5531	1
5541	1
5542	1
5550	1
5552	1
5555	2
5564	1
5566	1
5605	1
5611	1
5666	1
5673	1
