1	5588248
2	269264
3	43261
4	20034
5	11694
6	7532
7	5117
8	3809
9	2741
10	2099
11	1596
12	1379
13	1025
14	907
15	857
16	763
17	664
18	662
19	679
20	753
21	955
22	979
23	1280
24	1588
25	2245
26	2873
27	3718
28	5186
29	6825
30	8485
31	10797
32	13629
33	17092
34	21189
35	25666
36	30617
37	36242
38	41961
39	48008
40	55134
41	62406
42	69293
43	77025
44	84583
45	92506
46	99224
47	105802
48	112283
49	117826
50	123025
51	128823
52	131972
53	135307
54	138011
55	139325
56	140837
57	141338
58	140862
59	139424
60	138258
61	135773
62	132774
63	129052
64	125334
65	120833
66	116877
67	112448
68	109099
69	103228
70	98351
71	93264
72	87547
73	82130
74	77195
75	72235
76	66792
77	62704
78	58100
79	53749
80	48769
81	44865
82	40872
83	37503
84	34542
85	31358
86	28588
87	25808
88	23373
89	21193
90	19269
91	17339
92	15345
93	14271
94	12520
95	11573
96	10498
97	9479
98	8361
99	7540
100	6710
101	6369
102	5495
103	5040
104	4583
105	4344
106	3895
107	3663
108	3286
109	3066
110	2771
111	2564
112	2328
113	2001
114	1951
115	1856
116	1750
117	1671
118	1589
119	1384
120	1292
121	1145
122	1175
123	999
124	970
125	885
126	816
127	753
128	678
129	690
130	617
131	647
132	578
133	566
134	575
135	537
136	502
137	525
138	488
139	490
140	480
141	421
142	404
143	397
144	383
145	383
146	341
147	349
148	345
149	338
150	284
151	322
152	293
153	290
154	277
155	283
156	289
157	318
158	292
159	328
160	342
161	296
162	289
163	308
164	279
165	299
166	275
167	260
168	253
169	253
170	240
171	239
172	243
173	256
174	249
175	210
176	223
177	220
178	193
179	181
180	234
181	171
182	208
183	182
184	156
185	154
186	159
187	147
188	146
189	161
190	117
191	113
192	127
193	109
194	132
195	104
196	94
197	94
198	104
199	94
200	86
201	91
202	107
203	82
204	97
205	119
206	92
207	114
208	103
209	85
210	93
211	93
212	100
213	84
214	93
215	86
216	72
217	93
218	81
219	79
220	76
221	67
222	69
223	71
224	59
225	64
226	62
227	58
228	74
229	81
230	69
231	65
232	66
233	51
234	65
235	43
236	47
237	47
238	40
239	27
240	34
241	42
242	31
243	32
244	31
245	34
246	33
247	30
248	38
249	31
250	37
251	35
252	55
253	40
254	39
255	34
256	36
257	29
258	33
259	37
260	28
261	34
262	26
263	27
264	19
265	31
266	23
267	32
268	16
269	19
270	21
271	23
272	26
273	13
274	24
275	19
276	13
277	17
278	19
279	23
280	20
281	17
282	13
283	20
284	22
285	20
286	13
287	8
288	8
289	7
290	14
291	9
292	5
293	9
294	12
295	10
296	5
297	9
298	11
299	7
300	8
301	3
302	2
303	7
304	14
305	9
306	13
307	5
308	17
309	11
310	6
311	6
312	5
313	10
314	6
315	8
316	5
317	6
318	10
319	10
320	9
321	7
322	6
323	12
324	11
325	13
326	13
327	8
328	6
329	9
330	10
331	7
332	7
333	16
334	11
335	7
336	8
337	17
338	14
339	13
340	11
341	9
342	17
343	15
344	20
345	28
346	12
347	23
348	15
349	20
350	22
351	22
352	11
353	18
354	14
355	14
356	11
357	16
358	10
359	13
360	11
361	15
362	8
363	15
364	15
365	9
366	8
367	13
368	10
369	21
370	14
371	20
372	11
373	19
374	23
375	16
376	29
377	34
378	24
379	24
380	16
381	22
382	25
383	40
384	26
385	41
386	40
387	43
388	35
389	48
390	34
391	45
392	40
393	36
394	46
395	42
396	50
397	51
398	44
399	48
400	47
401	49
402	46
403	60
404	72
405	45
406	52
407	65
408	72
409	63
410	66
411	55
412	74
413	83
414	57
415	72
416	66
417	94
418	78
419	86
420	75
421	86
422	79
423	70
424	91
425	97
426	73
427	76
428	84
429	78
430	84
431	84
432	77
433	75
434	78
435	94
436	88
437	75
438	64
439	86
440	66
441	73
442	70
443	72
444	65
445	77
446	73
447	67
448	55
449	54
450	59
451	73
452	73
453	62
454	79
455	54
456	65
457	50
458	58
459	57
460	51
461	55
462	46
463	51
464	53
465	57
466	47
467	63
468	45
469	48
470	45
471	68
472	50
473	47
474	61
475	39
476	51
477	49
478	49
479	52
480	48
481	42
482	53
483	61
484	47
485	62
486	38
487	52
488	48
489	30
490	56
491	48
492	46
493	48
494	44
495	35
496	25
497	35
498	50
499	34
500	30
501	32
502	34
503	45
504	40
505	43
506	34
507	32
508	26
509	26
510	29
511	26
512	28
513	22
514	32
515	31
516	31
517	31
518	31
519	19
520	31
521	25
522	19
523	19
524	25
525	16
526	20
527	16
528	20
529	18
530	15
531	11
532	11
533	15
534	14
535	8
536	15
537	15
538	9
539	10
540	9
541	11
542	14
543	14
544	9
545	4
546	12
547	10
548	9
549	9
550	9
551	7
552	12
553	14
554	10
555	14
556	10
557	11
558	7
559	4
560	6
561	6
562	8
563	5
564	7
565	6
566	7
567	6
568	5
569	7
570	1
571	5
572	8
573	7
574	1
575	1
576	3
577	6
578	4
580	6
581	5
582	2
583	2
584	4
585	4
586	1
587	2
588	3
589	2
591	2
592	2
593	3
594	1
595	1
596	3
597	4
598	1
599	2
600	1
602	1
604	2
605	3
606	2
607	3
608	1
609	1
612	2
615	1
618	1
619	1
620	1
621	2
622	1
623	1
624	3
625	1
627	1
628	1
629	1
631	1
632	1
634	1
636	2
638	2
639	1
640	2
641	3
642	3
643	4
644	1
645	7
647	3
648	5
649	5
650	2
651	4
652	1
653	2
654	4
655	2
656	2
657	1
658	1
659	5
660	2
662	2
663	2
664	2
665	2
666	2
667	4
668	6
670	2
671	1
672	3
673	3
674	2
675	5
676	2
677	4
678	5
679	4
680	6
681	6
682	5
683	7
684	5
685	6
686	2
687	3
688	5
689	2
690	6
691	3
692	5
693	7
694	6
695	6
696	3
697	9
698	4
699	8
700	4
701	6
702	5
703	5
704	11
705	5
706	4
707	6
708	4
709	5
710	4
711	4
712	4
713	6
714	2
715	2
716	2
717	6
718	4
719	6
720	6
721	6
722	7
723	3
724	5
725	10
726	7
727	6
728	7
729	11
730	6
731	7
732	5
733	9
734	4
735	4
736	1
737	8
738	2
739	8
740	6
741	13
742	11
743	5
744	4
745	10
746	4
747	4
748	8
749	7
750	5
751	8
752	7
753	10
754	8
755	5
756	10
757	13
758	12
759	12
760	5
761	11
762	8
763	10
764	8
765	3
766	7
767	4
768	9
769	7
770	9
771	9
772	4
773	12
774	8
775	3
776	7
777	7
778	3
779	13
780	5
781	5
782	4
783	2
784	9
785	9
786	7
787	8
788	5
789	5
790	5
791	9
792	10
793	7
794	3
795	7
796	8
797	6
798	3
799	9
800	3
801	4
802	5
803	8
804	3
805	5
806	2
807	10
808	7
809	5
810	5
811	8
812	6
813	2
814	7
815	6
816	2
817	2
818	2
819	2
820	5
823	3
824	1
826	3
827	3
828	1
829	2
830	1
831	1
832	3
833	1
834	5
835	2
836	1
837	1
838	3
839	4
841	2
842	6
843	2
844	2
846	1
847	1
848	3
849	4
851	1
852	3
853	4
854	1
855	4
856	4
857	4
858	3
860	5
861	3
862	4
863	3
864	3
865	3
866	3
867	3
868	2
869	3
870	5
871	4
872	5
873	2
874	5
875	1
876	2
877	4
878	4
879	5
880	5
882	5
883	5
884	8
885	5
886	5
887	3
888	2
891	4
892	1
893	1
894	1
895	3
896	4
897	4
898	3
900	1
901	2
902	4
903	3
904	2
905	1
906	3
907	1
909	1
910	2
911	1
912	2
914	3
915	2
917	3
919	2
920	3
921	2
922	2
923	3
924	1
925	1
926	2
927	1
928	3
929	3
930	1
931	4
932	1
933	3
934	1
935	1
936	1
937	1
938	3
940	1
943	2
944	3
945	2
949	1
951	2
952	1
955	1
956	1
957	1
958	1
960	2
962	3
964	1
968	2
969	2
970	3
974	1
975	3
976	1
977	2
978	2
979	1
980	3
981	1
982	1
983	1
985	2
986	2
989	2
990	2
991	2
996	1
1002	1
1004	1
1012	1
1014	1
1018	1
1102	1
1109	1
1118	1
1128	1
1177	1
1264	1
1268	1
1272	1
1274	1
1275	1
1278	1
1285	1
1353	1
1385	1
1472	1
1527	1
1546	1
1550	1
1561	1
1606	3
1607	1
1608	2
1609	1
1610	1
1611	2
1612	2
1614	2
1616	1
1619	2
1628	1
1642	1
1666	1
1678	1
1681	1
1684	1
1691	3
1695	1
1697	1
1700	1
1704	1
1717	1
1724	1
1727	1
1732	1
1733	1
1734	1
1745	1
1746	1
1749	1
1755	1
1760	2
1761	1
1765	1
1768	1
1783	1
1784	1
1787	1
1800	1
1801	1
1816	1
1819	1
1881	1
1903	1
2087	1
2099	1
2151	1
2183	1
2222	1
2238	1
2291	1
2297	1
2308	1
2741	1
2869	1
2951	1
2960	1
2999	1
3035	1
3094	1
3158	1
3168	1
3218	1
3242	1
3272	1
3343	1
3366	1
3382	1
