1	8653565
2	525143
3	86076
4	33796
5	17948
6	11575
7	8110
8	5982
9	4379
10	3466
11	2783
12	2072
13	1719
14	1428
15	1132
16	1047
17	892
18	764
19	673
20	594
21	499
22	489
23	448
24	378
25	410
26	361
27	353
28	358
29	354
30	394
31	371
32	414
33	481
34	576
35	661
36	672
37	803
38	932
39	1025
40	1188
41	1348
42	1684
43	1951
44	2296
45	2890
46	3260
47	4083
48	4972
49	5803
50	7223
51	8442
52	10067
53	12385
54	14483
55	17081
56	20180
57	23589
58	27803
59	31919
60	36628
61	41210
62	46610
63	52240
64	58324
65	64338
66	70435
67	76505
68	82978
69	88353
70	94688
71	100241
72	104732
73	110176
74	113572
75	117543
76	120547
77	122637
78	126251
79	126904
80	128518
81	128372
82	127107
83	125817
84	124462
85	122170
86	119189
87	115879
88	111801
89	108693
90	104085
91	99641
92	95332
93	90909
94	86269
95	81133
96	77751
97	73375
98	68745
99	65015
100	60837
101	57259
102	53349
103	49990
104	47045
105	43707
106	40772
107	38114
108	35355
109	32749
110	30539
111	28125
112	26085
113	23939
114	22116
115	20577
116	18985
117	17282
118	16195
119	15619
120	13961
121	13237
122	12250
123	11257
124	10515
125	9633
126	9145
127	8310
128	7386
129	6980
130	6447
131	5956
132	5462
133	5127
134	4704
135	4443
136	4044
137	3751
138	3454
139	3247
140	3178
141	2969
142	2815
143	2673
144	2584
145	2579
146	2388
147	2322
148	2211
149	1994
150	2088
151	1965
152	1940
153	1925
154	1920
155	1904
156	1808
157	1781
158	1764
159	1675
160	1705
161	1640
162	1599
163	1584
164	1588
165	1581
166	1568
167	1511
168	1446
169	1443
170	1439
171	1389
172	1376
173	1366
174	1354
175	1287
176	1239
177	1332
178	1281
179	1298
180	1238
181	1278
182	1239
183	1192
184	1236
185	1129
186	1176
187	1137
188	1072
189	1046
190	1047
191	1005
192	1013
193	957
194	969
195	976
196	864
197	894
198	931
199	838
200	901
201	833
202	840
203	734
204	724
205	746
206	740
207	719
208	717
209	647
210	700
211	668
212	630
213	640
214	629
215	611
216	628
217	585
218	590
219	551
220	563
221	560
222	555
223	544
224	547
225	548
226	552
227	510
228	510
229	465
230	442
231	471
232	458
233	437
234	420
235	460
236	434
237	446
238	455
239	452
240	419
241	476
242	427
243	423
244	404
245	437
246	470
247	454
248	419
249	392
250	387
251	406
252	441
253	406
254	379
255	369
256	378
257	365
258	393
259	361
260	386
261	351
262	369
263	366
264	368
265	383
266	365
267	402
268	420
269	381
270	376
271	426
272	376
273	405
274	433
275	400
276	412
277	377
278	401
279	401
280	436
281	387
282	376
283	378
284	432
285	398
286	410
287	382
288	392
289	427
290	423
291	411
292	428
293	396
294	472
295	440
296	448
297	430
298	423
299	424
300	393
301	426
302	429
303	395
304	420
305	394
306	423
307	405
308	401
309	405
310	398
311	417
312	372
313	443
314	430
315	402
316	374
317	413
318	396
319	382
320	389
321	373
322	384
323	369
324	402
325	379
326	411
327	418
328	391
329	408
330	342
331	356
332	383
333	352
334	360
335	355
336	365
337	363
338	337
339	333
340	356
341	299
342	317
343	295
344	316
345	311
346	323
347	307
348	295
349	328
350	304
351	283
352	296
353	389
354	319
355	315
356	291
357	293
358	280
359	315
360	262
361	258
362	253
363	261
364	241
365	242
366	232
367	222
368	240
369	239
370	220
371	232
372	205
373	230
374	215
375	201
376	208
377	194
378	212
379	200
380	210
381	205
382	197
383	184
384	179
385	204
386	177
387	201
388	168
389	187
390	145
391	184
392	140
393	160
394	150
395	135
396	149
397	131
398	153
399	155
400	143
401	151
402	136
403	132
404	142
405	149
406	134
407	136
408	135
409	125
410	144
411	140
412	112
413	145
414	137
415	133
416	132
417	111
418	127
419	133
420	108
421	118
422	123
423	111
424	100
425	117
426	93
427	110
428	115
429	94
430	90
431	102
432	96
433	94
434	94
435	97
436	112
437	102
438	106
439	107
440	105
441	108
442	92
443	102
444	102
445	102
446	84
447	97
448	94
449	92
450	97
451	78
452	114
453	115
454	93
455	78
456	106
457	95
458	97
459	83
460	90
461	96
462	94
463	98
464	88
465	85
466	75
467	98
468	79
469	73
470	88
471	96
472	66
473	69
474	70
475	61
476	70
477	54
478	58
479	69
480	63
481	64
482	65
483	65
484	63
485	70
486	61
487	43
488	67
489	74
490	50
491	49
492	58
493	62
494	61
495	64
496	59
497	43
498	51
499	59
500	65
501	56
502	54
503	58
504	61
505	57
506	53
507	60
508	64
509	48
510	70
511	63
512	60
513	62
514	61
515	66
516	56
517	61
518	58
519	57
520	61
521	63
522	82
523	82
524	63
525	61
526	69
527	65
528	71
529	64
530	82
531	71
532	65
533	71
534	55
535	70
536	67
537	81
538	75
539	62
540	72
541	64
542	79
543	79
544	80
545	76
546	87
547	82
548	82
549	71
550	74
551	87
552	79
553	60
554	94
555	90
556	84
557	85
558	84
559	84
560	88
561	85
562	101
563	83
564	96
565	90
566	88
567	91
568	88
569	85
570	97
571	103
572	78
573	96
574	85
575	115
576	92
577	102
578	94
579	88
580	82
581	78
582	97
583	99
584	109
585	98
586	81
587	68
588	93
589	77
590	78
591	98
592	79
593	74
594	80
595	80
596	80
597	84
598	99
599	82
600	89
601	78
602	71
603	77
604	77
605	72
606	52
607	85
608	81
609	68
610	73
611	69
612	74
613	88
614	55
615	75
616	59
617	63
618	76
619	58
620	65
621	66
622	70
623	63
624	61
625	75
626	69
627	60
628	64
629	69
630	75
631	67
632	71
633	55
634	68
635	74
636	66
637	73
638	53
639	73
640	66
641	65
642	61
643	46
644	56
645	53
646	47
647	62
648	68
649	58
650	43
651	49
652	59
653	53
654	65
655	52
656	50
657	42
658	54
659	37
660	44
661	42
662	29
663	50
664	38
665	34
666	42
667	38
668	47
669	41
670	45
671	39
672	28
673	44
674	34
675	46
676	38
677	42
678	44
679	43
680	45
681	37
682	27
683	43
684	31
685	40
686	40
687	30
688	36
689	31
690	33
691	27
692	33
693	24
694	34
695	29
696	27
697	39
698	29
699	27
700	41
701	39
702	22
703	30
704	29
705	34
706	31
707	27
708	32
709	20
710	32
711	27
712	21
713	22
714	34
715	24
716	34
717	34
718	27
719	29
720	26
721	37
722	28
723	30
724	26
725	25
726	28
727	23
728	29
729	20
730	12
731	19
732	25
733	21
734	26
735	23
736	20
737	19
738	12
739	17
740	19
741	12
742	19
743	23
744	22
745	12
746	9
747	22
748	19
749	24
750	19
751	25
752	22
753	11
754	21
755	15
756	14
757	15
758	12
759	17
760	14
761	11
762	9
763	11
764	11
765	9
766	9
767	10
768	19
769	9
770	8
771	10
772	13
773	7
774	11
775	11
776	12
777	7
778	10
779	11
780	11
781	6
782	6
783	14
784	10
785	8
786	12
787	9
788	13
789	8
790	10
791	11
792	8
793	1
794	11
795	7
796	10
797	10
798	5
799	10
800	9
801	10
802	7
803	10
804	10
805	8
806	9
807	10
808	6
809	5
810	6
811	7
812	10
813	9
814	11
815	12
816	5
817	6
818	7
819	5
820	11
821	7
822	8
823	8
824	7
825	6
826	6
827	4
828	16
829	15
830	12
831	7
832	13
833	13
834	5
835	12
836	8
837	9
838	8
839	10
840	9
841	4
842	14
843	13
844	14
845	7
846	8
847	12
848	11
849	15
850	10
851	8
852	20
853	13
854	11
855	10
856	13
857	10
858	15
859	11
860	12
861	14
862	9
863	10
864	11
865	5
866	9
867	10
868	11
869	6
870	14
871	14
872	9
873	11
874	5
875	14
876	9
877	15
878	6
879	15
880	8
881	11
882	8
883	11
884	6
885	9
886	14
887	11
888	12
889	6
890	6
891	13
892	8
893	9
894	16
895	10
896	14
897	5
898	11
899	5
900	10
901	6
902	8
903	12
904	4
905	13
906	9
907	13
908	13
909	11
910	15
911	15
912	9
913	11
914	14
915	10
916	9
917	12
918	13
919	8
920	11
921	16
922	19
923	8
924	10
925	10
926	20
927	7
928	9
929	8
930	7
931	6
932	7
933	2
934	5
935	6
936	10
937	3
938	6
939	5
940	10
941	3
942	5
943	5
944	4
945	3
946	2
947	3
948	5
949	4
950	3
953	5
954	2
955	1
956	3
957	4
958	3
960	7
961	4
962	1
963	3
964	1
965	4
966	3
967	3
968	3
969	3
970	3
971	6
972	4
973	4
974	3
975	1
976	2
977	2
978	5
979	2
980	2
981	2
982	3
983	2
984	2
985	3
986	2
987	3
988	2
989	1
990	2
991	3
992	2
993	2
994	1
995	2
996	2
997	1
998	2
999	2
1001	2
1002	7
1004	2
1005	2
1006	3
1007	2
1008	3
1009	2
1010	3
1011	2
1012	1
1014	2
1015	2
1016	1
1017	1
1018	3
1019	2
1021	2
1022	1
1023	3
1024	3
1025	1
1026	1
1030	1
1042	1
1047	3
1049	1
1050	1
1051	1
1053	1
1054	5
1055	3
1057	1
1059	1
1060	1
1061	1
1062	1
1063	4
1064	1
1065	1
1068	1
1069	2
1070	1
1071	1
1072	3
1073	2
1075	1
1077	2
1078	3
1079	1
1080	3
1082	1
1084	2
1085	2
1086	3
1087	1
1088	3
1089	1
1090	1
1091	2
1092	2
1094	1
1095	1
1096	1
1098	2
1100	2
1101	1
1102	2
1103	3
1105	2
1106	8
1107	3
1108	1
1109	3
1110	3
1111	4
1112	2
1113	6
1114	4
1115	4
1116	6
1117	6
1118	4
1119	5
1120	7
1121	3
1122	9
1123	6
1124	8
1125	12
1126	13
1127	6
1128	5
1129	5
1130	2
1131	2
1132	3
1133	5
1134	5
1135	2
1136	3
1137	5
1138	6
1139	10
1140	5
1141	8
1142	5
1143	5
1144	3
1145	4
1146	8
1147	3
1148	8
1149	9
1150	6
1151	8
1152	5
1153	2
1154	6
1155	7
1156	7
1157	9
1158	11
1159	8
1160	7
1161	7
1162	6
1163	12
1164	11
1165	7
1166	3
1167	6
1168	9
1169	9
1170	12
1171	6
1172	10
1173	7
1174	12
1175	9
1176	8
1177	5
1178	9
1179	12
1180	4
1181	5
1182	7
1183	10
1184	11
1185	3
1186	7
1187	5
1188	8
1189	8
1190	8
1191	11
1192	4
1193	3
1194	5
1195	16
1196	4
1197	8
1198	5
1199	7
1200	6
1201	8
1202	8
1203	11
1204	8
1205	7
1206	11
1207	8
1208	10
1209	11
1210	7
1211	6
1212	9
1213	9
1214	9
1215	12
1216	11
1217	7
1218	13
1219	8
1220	8
1221	6
1222	12
1223	6
1224	8
1225	7
1226	9
1227	9
1228	7
1229	10
1230	7
1231	10
1232	10
1233	9
1234	12
1235	12
1236	14
1237	12
1238	12
1239	12
1240	4
1241	5
1242	11
1243	10
1244	12
1245	5
1246	6
1247	8
1248	11
1249	3
1250	6
1251	8
1252	7
1253	9
1254	4
1255	10
1256	12
1257	10
1258	5
1259	8
1260	8
1261	8
1262	8
1263	12
1264	12
1265	7
1266	6
1267	6
1268	15
1269	11
1270	8
1271	11
1272	7
1273	5
1274	2
1275	7
1276	3
1277	9
1278	5
1279	5
1280	6
1281	8
1282	8
1283	8
1284	4
1285	7
1286	6
1287	7
1288	8
1289	8
1290	8
1291	8
1292	9
1293	3
1294	7
1295	4
1296	5
1297	7
1298	9
1299	6
1300	4
1301	4
1302	2
1303	6
1304	1
1305	3
1306	2
1307	2
1308	4
1309	4
1310	5
1311	4
1312	2
1313	3
1314	3
1315	8
1316	1
1317	2
1318	4
1319	2
1320	2
1321	6
1322	5
1323	5
1324	2
1325	3
1326	3
1327	11
1328	1
1329	3
1330	2
1331	3
1332	4
1333	3
1334	7
1335	4
1336	1
1337	5
1338	4
1339	5
1341	3
1342	4
1343	4
1344	2
1345	3
1346	2
1347	3
1348	3
1349	7
1350	2
1351	6
1352	3
1353	4
1354	1
1355	3
1356	5
1357	1
1358	3
1359	7
1360	3
1361	3
1363	1
1364	4
1365	2
1366	1
1367	2
1368	4
1369	2
1370	3
1371	1
1372	2
1373	2
1374	2
1375	4
1376	2
1377	2
1378	3
1379	6
1380	1
1381	1
1382	2
1383	1
1385	3
1386	3
1387	4
1388	1
1390	3
1391	1
1392	5
1394	3
1395	2
1396	2
1397	1
1398	1
1399	1
1400	2
1401	1
1402	1
1403	1
1404	2
1405	3
1406	1
1407	2
1408	1
1409	1
1410	2
1411	1
1412	1
1413	1
1415	1
1416	1
1417	1
1418	4
1419	2
1420	1
1427	1
1430	3
1431	1
1432	1
1433	1
1437	3
1438	1
1439	1
1441	2
1443	1
1444	3
1445	1
1450	1
1451	1
1452	2
1453	1
1458	3
1459	2
1462	1
1463	1
1464	2
1465	4
1467	1
1469	1
1470	1
1472	4
1474	3
1475	2
1476	2
1478	1
1481	2
1482	2
1483	1
1484	4
1485	4
1486	1
1487	2
1489	3
1490	3
1491	3
1492	2
1493	3
1494	1
1495	2
1496	3
1497	2
1498	2
1499	1
1500	1
1501	2
1502	2
1503	1
1504	2
1505	3
1506	2
1507	2
1508	3
1509	3
1510	1
1511	6
1512	3
1513	2
1514	4
1515	6
1516	4
1517	3
1518	2
1519	2
1520	3
1521	2
1523	1
1525	2
1526	4
1527	1
1528	3
1529	3
1530	1
1531	3
1532	2
1533	2
1534	1
1535	2
1536	2
1537	3
1538	2
1539	3
1540	1
1541	1
1542	2
1543	1
1544	2
1546	3
1547	2
1548	4
1549	2
1550	2
1551	2
1552	1
1553	5
1554	6
1555	3
1556	4
1557	1
1558	4
1559	2
1560	1
1561	4
1562	5
1563	3
1564	3
1566	1
1567	2
1568	3
1569	1
1570	2
1571	3
1572	5
1573	2
1574	1
1575	2
1578	1
1579	1
1580	1
1582	4
1583	1
1584	2
1585	5
1587	1
1588	2
1590	2
1592	3
1594	2
1595	1
1597	2
1600	3
1601	2
1602	1
1603	2
1604	1
1605	2
1606	1
1607	1
1609	3
1611	1
1612	1
1613	2
1614	2
1615	1
1616	1
1617	2
1618	6
1619	1
1620	4
1621	1
1622	3
1623	2
1624	2
1625	1
1626	2
1627	1
1628	3
1629	4
1630	1
1631	4
1632	1
1633	3
1634	1
1635	2
1636	1
1637	2
1638	2
1639	2
1640	3
1642	2
1643	2
1644	2
1645	3
1646	2
1648	1
1649	1
1650	2
1653	1
1655	4
1656	3
1658	1
1659	2
1660	2
1661	2
1662	4
1663	3
1664	3
1666	1
1668	1
1669	5
1670	1
1671	1
1672	3
1673	3
1674	5
1675	2
1676	1
1677	1
1678	2
1679	2
1680	3
1681	1
1682	1
1683	1
1684	1
1687	1
1688	1
1690	2
1691	3
1693	3
1694	2
1695	3
1696	1
1698	2
1699	2
1700	1
1701	1
1702	3
1703	1
1704	4
1706	1
1707	2
1708	3
1709	1
1710	2
1711	3
1713	1
1714	1
1715	2
1716	4
1717	3
1718	2
1719	1
1720	3
1721	4
1722	2
1723	5
1724	3
1725	2
1726	1
1727	2
1728	4
1729	3
1731	2
1732	2
1733	1
1734	1
1735	3
1736	2
1737	2
1738	1
1739	3
1740	3
1741	3
1742	1
1743	2
1744	3
1745	1
1746	2
1747	1
1748	1
1749	2
1750	1
1751	3
1752	1
1753	2
1754	1
1755	2
1756	2
1757	2
1758	2
1759	1
1760	1
1761	1
1763	2
1765	2
1766	2
1767	1
1768	1
1770	1
1772	3
1777	1
1786	1
1791	1
1792	1
1794	1
1800	1
1802	1
1803	1
1807	1
1811	1
1813	2
1814	1
1819	1
1822	1
1823	1
1824	1
1825	2
1830	1
1836	1
1846	1
1861	1
1871	1
1884	1
1917	1
1921	1
1928	1
1937	1
1950	1
1957	1
1967	1
1982	1
1988	2
1995	1
2023	1
2033	1
2036	1
2042	1
2049	1
2051	1
2063	1
2068	1
2074	1
2080	1
2082	1
2085	1
2086	1
2091	1
2093	1
2096	1
2101	1
2102	1
2108	1
2110	1
2120	1
2121	1
2123	1
2126	1
2148	1
2155	1
2157	1
2171	1
2202	1
2485	1
2486	1
2487	1
2596	1
2597	1
2598	1
2600	1
2739	1
2751	1
3124	1
3206	1
3377	1
3424	1
3530	1
3633	1
3636	1
3675	1
3687	2
3842	1
3858	1
3988	1
4090	1
4132	1
