1 19017971
2 1285011
3 323553
4 134192
5 68913
6 39824
7 25278
8 16812
9 11746
10 8380
11 6191
12 4734
13 3691
14 2887
15 2395
16 1985
17 1625
18 1407
19 1261
20 1225
21 1165
22 1241
23 1261
24 1462
25 1551
26 1846
27 2158
28 2484
29 2780
30 3172
31 3458
32 4161
33 4569
34 5140
35 5918
36 6815
37 8002
38 8957
39 10350
40 12354
41 14473
42 16950
43 19851
44 23464
45 27881
46 32453
47 37929
48 43881
49 50729
50 57350
51 65153
52 72930
53 82202
54 90544
55 99247
56 107645
57 116435
58 124268
59 130132
60 138218
61 143623
62 148343
63 152010
64 154136
65 155200
66 155564
67 153987
68 151200
69 147450
70 143173
71 137662
72 131126
73 123940
74 116841
75 108814
76 101528
77 94019
78 86218
79 78703
80 71551
81 64709
82 58318
83 52258
84 46446
85 40886
86 35868
87 31737
88 27808
89 23752
90 20826
91 17975
92 15582
93 13425
94 11342
95 9446
96 8254
97 6809
98 5741
99 4995
100 4104
101 3340
102 2944
103 2395
104 2023
105 1748
106 1370
107 1203
108 993
109 857
110 725
111 596
112 546
113 476
114 400
115 429
116 318
117 329
118 315
119 317
120 313
121 301
122 307
123 312
124 298
125 295
126 300
127 292
128 287
129 285
130 254
131 288
132 272
133 309
134 331
135 279
136 284
137 288
138 276
139 279
140 282
141 252
142 263
143 246
144 278
145 236
146 223
147 232
148 255
149 228
150 230
151 240
152 229
153 207
154 192
155 190
156 196
157 183
158 170
159 148
160 157
161 158
162 164
163 134
164 124
165 128
166 121
167 108
168 111
169 121
170 98
171 118
172 110
173 112
174 121
175 118
176 99
177 82
178 99
179 89
180 99
181 93
182 76
183 99
184 87
185 101
186 95
187 101
188 86
189 75
190 93
191 86
192 89
193 97
194 76
195 81
196 77
197 80
198 95
199 75
200 91
201 91
202 83
203 74
204 94
205 90
206 89
207 80
208 108
209 96
210 72
211 79
212 85
213 79
214 74
215 67
216 85
217 65
218 76
219 69
220 77
221 66
222 80
223 69
224 65
225 74
226 99
227 79
228 70
229 63
230 89
231 86
232 74
233 81
234 68
235 75
236 88
237 71
238 73
239 66
240 62
241 67
242 44
243 63
244 54
245 56
246 52
247 48
248 57
249 53
250 45
251 53
252 49
253 51
254 53
255 43
256 37
257 52
258 46
259 43
260 35
261 41
262 41
263 44
264 45
265 40
266 47
267 43
268 42
269 46
270 41
271 43
272 25
273 39
274 36
275 36
276 42
277 31
278 27
279 36
280 31
281 32
282 31
283 34
284 27
285 40
286 33
287 28
288 36
289 37
290 27
291 28
292 38
293 28
294 28
295 41
296 30
297 32
298 29
299 37
300 28
301 27
302 34
303 30
304 32
305 36
306 25
307 36
308 30
309 30
310 27
311 31
312 26
313 34
314 26
315 19
316 33
317 29
318 24
319 27
320 19
321 31
322 22
323 30
324 26
325 19
326 36
327 28
328 32
329 23
330 30
331 21
332 26
333 26
334 38
335 23
336 25
337 28
338 25
339 27
340 30
341 24
342 25
343 21
344 28
345 17
346 26
347 20
348 15
349 22
350 28
351 24
352 21
353 22
354 24
355 25
356 25
357 25
358 26
359 20
360 17
361 20
362 18
363 16
364 24
365 21
366 24
367 22
368 16
369 25
370 18
371 18
372 19
373 17
374 24
375 18
376 19
377 15
378 21
379 35
380 26
381 25
382 27
383 27
384 24
385 26
386 34
387 19
388 24
389 28
390 27
391 22
392 28
393 25
394 18
395 22
396 25
397 20
398 14
399 20
400 26
401 26
402 23
403 17
404 17
405 22
406 22
407 27
408 21
409 29
410 24
411 27
412 20
413 21
414 28
415 24
416 31
417 28
418 24
419 29
420 20
421 32
422 27
423 30
424 24
425 32
426 30
427 26
428 31
429 27
430 31
431 29
432 26
433 27
434 36
435 45
436 27
437 29
438 29
439 38
440 40
441 39
442 37
443 44
444 28
445 31
446 35
447 35
448 38
449 31
450 38
451 37
452 40
453 46
454 44
455 45
456 46
457 33
458 32
459 42
460 43
461 40
462 30
463 32
464 41
465 34
466 37
467 39
468 45
469 45
470 39
471 52
472 35
473 45
474 41
475 38
476 30
477 29
478 34
479 41
480 47
481 44
482 35
483 48
484 47
485 37
486 39
487 53
488 43
489 49
490 45
491 48
492 38
493 50
494 43
495 35
496 45
497 42
498 49
499 41
500 46
501 48
502 49
503 39
504 54
505 43
506 37
507 31
508 43
509 48
510 31
511 39
512 30
513 36
514 27
515 29
516 37
517 33
518 34
519 31
520 30
521 35
522 27
523 35
524 31
525 39
526 27
527 27
528 33
529 36
530 34
531 34
532 22
533 23
534 32
535 26
536 29
537 33
538 24
539 16
540 31
541 27
542 28
543 25
544 27
545 17
546 36
547 29
548 32
549 19
550 20
551 28
552 21
553 17
554 19
555 13
556 23
557 22
558 23
559 22
560 19
561 21
562 18
563 16
564 18
565 15
566 14
567 17
568 12
569 16
570 21
571 16
572 8
573 13
574 10
575 13
576 9
577 13
578 10
579 14
580 12
581 14
582 9
583 7
584 7
585 17
586 18
587 8
588 8
589 13
590 5
591 7
592 6
593 12
594 6
595 9
596 6
597 7
598 4
599 8
600 6
601 7
602 4
603 8
604 7
605 6
606 3
607 8
608 6
609 9
610 7
611 4
612 5
613 5
614 6
615 4
616 4
617 2
618 4
619 5
620 3
621 8
622 7
623 6
624 3
625 2
626 4
627 5
628 2
629 4
630 2
631 5
632 5
633 3
634 2
635 4
636 3
637 4
638 6
639 8
640 3
641 3
642 3
643 7
644 4
645 4
646 10
647 6
648 7
649 4
650 5
651 4
652 2
653 4
654 6
655 7
656 2
657 6
658 5
659 5
660 8
661 3
662 5
663 2
664 4
665 8
666 3
667 7
668 5
669 7
670 3
671 3
672 3
674 6
675 3
676 3
677 5
678 4
679 6
680 5
681 5
682 5
683 6
684 1
685 2
686 6
687 3
688 3
689 7
690 2
691 1
692 5
693 7
694 4
695 6
696 6
697 3
698 6
699 2
700 4
701 5
702 5
703 7
704 4
705 2
706 7
707 3
708 8
709 5
710 3
711 5
712 3
713 3
714 5
715 7
716 4
717 5
718 5
719 10
720 8
721 6
722 7
723 6
724 5
725 6
726 4
727 3
728 1
729 8
730 3
731 2
732 1
733 5
734 4
735 3
736 12
737 6
738 3
739 4
740 4
741 2
742 3
743 3
744 2
745 8
746 5
747 2
748 7
749 9
750 3
751 4
752 6
753 5
754 5
755 2
756 8
757 7
758 6
759 2
760 4
761 3
762 7
763 8
764 5
765 3
766 9
767 4
768 9
769 8
770 3
771 5
772 2
773 4
774 4
775 6
776 2
777 4
778 8
779 6
780 12
781 4
782 9
783 7
784 2
785 1
786 11
787 5
788 9
789 4
790 2
791 9
792 7
793 7
794 6
795 7
796 3
797 9
798 5
799 5
800 8
801 4
802 11
803 5
804 14
805 9
806 7
807 7
808 8
809 15
810 8
811 8
812 10
813 2
814 4
815 6
816 3
817 3
818 10
819 5
820 10
821 8
822 5
823 8
824 6
825 6
826 3
827 5
828 2
829 10
830 2
831 4
832 4
833 1
834 3
835 4
836 3
837 5
838 3
839 4
840 7
841 4
842 1
843 7
844 4
845 8
846 2
847 3
848 9
849 4
850 4
851 3
852 2
853 2
854 2
855 2
856 2
857 2
858 2
859 3
860 5
861 2
862 1
863 6
864 2
865 5
866 2
867 1
868 3
869 4
870 2
871 3
872 3
873 2
874 4
875 2
876 2
877 1
878 1
879 1
880 4
881 1
882 3
883 2
884 1
885 3
886 2
888 2
889 1
890 2
891 1
892 1
893 3
894 1
896 1
898 2
899 3
902 2
903 1
905 1
907 2
910 1
911 1
913 1
916 1
920 1
922 1
924 1
925 1
928 1
933 1
940 1
944 1
1007 1
1008 1
1032 1
1037 1
1039 1
1056 1
1066 1
1067 1
1105 1
1114 1
1117 1
1128 1
1142 1
1144 1
1155 1
1167 1
1201 1
1319 1
1325 1
1385 1
1414 1
1440 1
1447 1
1451 1
1471 1
1491 1
1497 1
1508 1
1525 1
1551 1
1716 1
1815 1
1818 1
1822 1
1847 1
1853 1
1909 1
2104 1
2147 1
2457 1
2473 1
2508 1
2527 1
2606 1
2611 1
2619 1
2866 1
2983 1
3022 1
3025 1
3027 1
3059 1
3070 1
3107 1
3120 1
3174 1
3239 1
3254 1
3319 1
3367 1
3384 1
3410 1
3427 2
3433 1
3454 1
3457 1
3488 1
3641 1
3672 1
3705 1
3812 1
3877 1
4248 1
4449 1
4639 1
4714 1
4924 1
5073 1
5172 1
5256 1
5323 1
17265 1
