1 11430223
2 652574
3 150412
4 55821
5 26471
6 13620
7 8007
8 5542
9 4357
10 3941
11 4371
12 5119
13 6597
14 9068
15 11947
16 16246
17 22007
18 29826
19 39487
20 51956
21 66150
22 84342
23 103225
24 124864
25 147404
26 170366
27 191688
28 211419
29 227553
30 240624
31 248737
32 250562
33 247146
34 240388
35 229452
36 214313
37 196339
38 178519
39 158788
40 138639
41 119739
42 101844
43 85462
44 71064
45 57885
46 47074
47 37626
48 29766
49 23442
50 18437
51 13907
52 10639
53 8208
54 6057
55 4570
56 3582
57 2668
58 2031
59 1646
60 1351
61 1013
62 924
63 783
64 682
65 721
66 659
67 571
68 598
69 565
70 493
71 479
72 494
73 485
74 419
75 393
76 402
77 392
78 328
79 312
80 310
81 328
82 245
83 261
84 266
85 239
86 228
87 243
88 251
89 208
90 190
91 200
92 165
93 185
94 177
95 176
96 166
97 165
98 160
99 145
100 177
101 146
102 142
103 187
104 152
105 157
106 154
107 154
108 157
109 141
110 165
111 166
112 145
113 153
114 116
115 132
116 132
117 133
118 122
119 124
120 124
121 120
122 103
123 115
124 113
125 113
126 106
127 91
128 119
129 98
130 89
131 99
132 87
133 86
134 87
135 88
136 80
137 90
138 76
139 72
140 58
141 76
142 66
143 72
144 59
145 59
146 57
147 55
148 56
149 58
150 46
151 65
152 65
153 73
154 62
155 51
156 71
157 83
158 48
159 69
160 51
161 51
162 44
163 33
164 56
165 41
166 50
167 46
168 39
169 60
170 38
171 55
172 63
173 48
174 51
175 52
176 56
177 56
178 42
179 50
180 42
181 44
182 42
183 45
184 36
185 35
186 45
187 45
188 45
189 42
190 48
191 45
192 51
193 43
194 56
195 46
196 43
197 39
198 48
199 48
200 57
201 42
202 52
203 65
204 59
205 61
206 60
207 67
208 63
209 61
210 68
211 66
212 61
213 63
214 71
215 67
216 72
217 74
218 68
219 68
220 72
221 85
222 52
223 78
224 77
225 72
226 72
227 61
228 67
229 85
230 86
231 66
232 65
233 66
234 69
235 75
236 82
237 73
238 70
239 65
240 57
241 71
242 94
243 84
244 63
245 85
246 63
247 66
248 68
249 77
250 69
251 69
252 60
253 72
254 67
255 83
256 83
257 66
258 82
259 79
260 82
261 75
262 68
263 62
264 72
265 72
266 55
267 55
268 60
269 68
270 49
271 52
272 43
273 58
274 46
275 38
276 34
277 39
278 39
279 33
280 47
281 41
282 38
283 39
284 25
285 23
286 26
287 19
288 17
289 19
290 32
291 16
292 17
293 9
294 14
295 8
296 6
297 19
298 19
299 12
300 17
301 13
302 15
303 9
304 14
305 9
306 15
307 12
308 17
309 14
310 11
311 8
312 15
313 18
314 10
315 8
316 8
317 8
318 4
319 9
320 8
321 15
322 9
323 6
324 8
325 4
326 11
327 12
328 9
329 13
330 9
331 8
332 6
333 14
334 7
335 9
336 12
337 14
338 12
339 8
340 11
341 17
342 17
343 14
344 8
345 12
346 14
347 16
348 4
349 9
350 11
351 17
352 12
353 15
354 14
355 12
356 12
357 8
358 9
359 8
360 14
361 11
362 14
363 2
364 9
365 12
366 7
367 7
368 13
369 10
370 13
371 13
372 7
373 2
374 11
375 17
376 8
377 12
378 8
379 10
380 10
381 7
382 7
383 12
384 9
385 8
386 13
387 11
388 10
389 9
390 13
391 11
392 7
393 12
394 11
395 6
396 9
397 10
398 6
399 5
400 9
401 11
402 6
403 11
404 5
405 10
406 9
407 9
408 6
409 7
410 5
411 2
412 10
413 10
414 7
415 5
416 5
417 7
418 9
419 6
420 4
421 7
422 9
423 7
424 6
425 8
426 10
427 8
428 8
429 3
430 6
431 3
432 3
433 4
434 5
435 6
436 2
437 5
438 4
439 4
440 7
441 6
442 5
443 3
444 5
445 4
446 2
447 4
448 2
449 2
450 2
451 1
452 3
453 3
455 5
456 3
457 3
458 2
459 3
460 2
461 3
463 3
464 1
465 1
466 2
467 1
468 1
469 2
470 2
472 1
473 3
474 2
475 2
476 1
478 2
480 1
485 1
487 1
490 1
497 1
499 1
505 1
507 1
512 1
523 1
525 1
531 1
535 1
536 1
538 1
541 1
549 2
560 1
571 1
610 1
654 1
686 1
690 1
698 1
701 1
708 1
712 1
723 1
726 1
736 1
738 1
759 1
781 1
841 1
897 2
905 1
907 1
939 1
947 1
1048 1
1085 1
1232 1
1246 1
1251 1
1253 1
1310 1
1311 1
1313 1
1336 1
1464 1
1489 1
1507 1
1510 1
1516 1
1525 1
1547 1
1548 1
1556 1
1567 1
1623 1
1699 1
1723 1
1733 1
1738 1
1755 1
1759 1
1764 1
1769 1
1777 1
1779 1
1856 1
1859 1
1871 1
1914 1
1934 1
2121 1
2262 1
2335 1
2346 1
2491 1
2593 1
2594 1
2683 1
2689 1
8165 1
