1 9112236
2 433020
3 102230
4 40982
5 20327
6 11691
7 7337
8 5024
9 3890
10 3497
11 3729
12 4232
13 5523
14 7094
15 9681
16 12740
17 17392
18 23620
19 31605
20 42518
21 55557
22 71284
23 89527
24 109866
25 132169
26 154700
27 177523
28 198332
29 217010
30 231989
31 243663
32 249193
33 250231
34 246238
35 237245
36 224396
37 208555
38 190360
39 171414
40 152273
41 133021
42 114634
43 96932
44 80985
45 67523
46 54734
47 44338
48 35632
49 28335
50 21724
51 17157
52 13077
53 9997
54 7529
55 5686
56 4325
57 3292
58 2497
59 1910
60 1548
61 1151
62 978
63 854
64 676
65 636
66 592
67 570
68 531
69 513
70 508
71 498
72 490
73 501
74 503
75 438
76 411
77 393
78 383
79 360
80 342
81 302
82 317
83 282
84 266
85 230
86 251
87 223
88 244
89 228
90 220
91 214
92 213
93 209
94 176
95 187
96 206
97 196
98 199
99 186
100 177
101 166
102 171
103 186
104 172
105 191
106 194
107 174
108 160
109 157
110 157
111 164
112 145
113 139
114 146
115 149
116 134
117 135
118 128
119 118
120 119
121 113
122 113
123 104
124 96
125 113
126 100
127 114
128 107
129 89
130 79
131 99
132 83
133 74
134 80
135 71
136 96
137 66
138 83
139 68
140 63
141 63
142 84
143 83
144 64
145 69
146 73
147 79
148 58
149 68
150 59
151 75
152 53
153 55
154 70
155 58
156 53
157 66
158 56
159 58
160 63
161 60
162 55
163 61
164 53
165 62
166 58
167 59
168 49
169 41
170 44
171 40
172 46
173 40
174 45
175 56
176 49
177 51
178 43
179 62
180 53
181 49
182 42
183 41
184 43
185 40
186 49
187 42
188 46
189 41
190 46
191 41
192 56
193 54
194 50
195 38
196 38
197 36
198 51
199 46
200 52
201 51
202 57
203 32
204 51
205 50
206 52
207 51
208 44
209 61
210 39
211 51
212 63
213 52
214 52
215 54
216 51
217 45
218 44
219 47
220 58
221 61
222 72
223 88
224 70
225 63
226 72
227 72
228 87
229 86
230 76
231 75
232 83
233 79
234 79
235 74
236 83
237 94
238 93
239 91
240 105
241 99
242 91
243 69
244 73
245 81
246 98
247 82
248 83
249 82
250 78
251 74
252 80
253 72
254 65
255 74
256 66
257 66
258 76
259 57
260 61
261 71
262 65
263 64
264 57
265 41
266 40
267 44
268 57
269 64
270 51
271 56
272 46
273 44
274 47
275 54
276 47
277 43
278 38
279 49
280 27
281 33
282 30
283 31
284 37
285 39
286 22
287 24
288 33
289 35
290 24
291 25
292 16
293 28
294 37
295 25
296 21
297 19
298 12
299 36
300 19
301 16
302 20
303 17
304 17
305 26
306 17
307 21
308 16
309 13
310 10
311 17
312 15
313 22
314 14
315 15
316 13
317 16
318 10
319 15
320 11
321 7
322 9
323 7
324 9
325 8
326 6
327 3
328 10
329 8
330 10
331 6
332 5
333 4
334 6
335 10
336 5
337 9
338 10
339 9
340 8
341 13
342 15
343 11
344 7
345 14
346 14
347 10
348 11
349 5
350 7
351 10
352 9
353 11
354 5
355 15
356 12
357 7
358 7
359 8
360 12
361 17
362 8
363 5
364 6
365 10
366 13
367 9
368 9
369 12
370 11
371 7
372 9
373 10
374 7
375 13
376 8
377 8
378 6
379 9
380 12
381 7
382 9
383 12
384 13
385 11
386 9
387 11
388 11
389 8
390 10
391 10
392 13
393 12
394 13
395 11
396 7
397 13
398 10
399 11
400 16
401 10
402 6
403 11
404 15
405 14
406 10
407 8
408 12
409 10
410 10
411 10
412 13
413 13
414 15
415 18
416 9
417 3
418 9
419 4
420 6
421 13
422 3
423 12
424 8
425 6
426 5
427 2
428 4
429 10
430 5
431 5
432 6
433 7
434 3
435 10
436 5
437 3
438 5
439 6
440 6
441 4
442 1
443 2
444 7
445 5
446 4
447 4
448 2
449 7
450 9
452 2
453 6
454 2
455 4
456 2
457 6
458 2
459 2
460 3
461 2
462 2
463 5
465 2
466 6
467 1
468 2
469 1
470 2
472 2
473 1
474 2
475 1
476 2
477 2
478 3
479 1
480 1
482 1
483 1
492 1
498 1
503 1
508 1
512 1
518 1
532 1
534 1
535 2
544 1
576 1
587 1
591 1
593 1
594 1
607 1
608 1
620 1
629 1
671 1
688 1
699 1
732 1
739 2
753 1
759 1
761 1
770 1
785 1
787 1
875 1
911 1
914 1
918 1
925 1
942 1
962 1
1056 1
1062 1
1225 1
1227 1
1257 1
1274 1
1293 1
1301 1
1308 1
1402 1
1476 1
1502 1
1503 1
1509 1
1533 1
1559 1
1560 1
1573 1
1607 1
1620 1
1631 1
1634 1
1646 1
1648 1
1664 1
1668 1
1687 1
1693 1
1699 1
1711 1
1785 1
1813 1
1834 1
1898 1
1903 1
1943 1
2127 1
2187 1
2304 1
2368 1
2433 1
2480 1
2573 1
2578 1
2634 1
9100 1
